.x AsymL.C(2052,0,484.5,4.801,-0.003,0.000)
.x AsymL.C(2052,0.0,484.5,4.801,-0.003,1.000,0.953374,0.000)
.x AsymL.C(2052,0.0,484.5,4.801,-0.003,1.000,0.953374,0.001)
.x AsymL.C(2052,0.0,484.5,4.801,-0.003,1.000,0.953374,0.002)
.x AsymL.C(2052,0.0,484.5,4.801,-0.003,1.000,0.953374,-0.001)
.x AsymL.C(2052,0.0,484.5,4.801,-0.003,1.000,0.953374,-0.002)
.x AsymL.C(2052,1.0,484.5,4.801,-0.003,1.000,0.953374,0.000)
.x AsymL.C(2052,1.0,484.5,4.801,-0.003,1.000,0.953374,0.001)
.x AsymL.C(2052,1.0,484.5,4.801,-0.003,1.000,0.953374,0.002)
.x AsymL.C(2052,1.0,484.5,4.801,-0.003,1.000,0.953374,-0.001)
.x AsymL.C(2052,1.0,484.5,4.801,-0.003,1.000,0.953374,-0.002)
.x AsymL.C(2052,2.0,484.5,4.801,-0.003,1.000,0.953374,0.000)
.x AsymL.C(2052,2.0,484.5,4.801,-0.003,1.000,0.953374,0.001)
.x AsymL.C(2052,2.0,484.5,4.801,-0.003,1.000,0.953374,0.002)
.x AsymL.C(2052,2.0,484.5,4.801,-0.003,1.000,0.953374,-0.001)
.x AsymL.C(2052,2.0,484.5,4.801,-0.003,1.000,0.953374,-0.002)
.x AsymL.C(2052,-1.0,484.5,4.801,-0.003,1.000,0.953374,0.000)
.x AsymL.C(2052,-1.0,484.5,4.801,-0.003,1.000,0.953374,0.001)
.x AsymL.C(2052,-1.0,484.5,4.801,-0.003,1.000,0.953374,0.002)
.x AsymL.C(2052,-1.0,484.5,4.801,-0.003,1.000,0.953374,-0.001)
.x AsymL.C(2052,-1.0,484.5,4.801,-0.003,1.000,0.953374,-0.002)
.x AsymL.C(2052,-2.0,484.5,4.801,-0.003,1.000,0.953374,0.000)
.x AsymL.C(2052,-2.0,484.5,4.801,-0.003,1.000,0.953374,0.001)
.x AsymL.C(2052,-2.0,484.5,4.801,-0.003,1.000,0.953374,0.002)
.x AsymL.C(2052,-2.0,484.5,4.801,-0.003,1.000,0.953374,-0.001)
.x AsymL.C(2052,-2.0,484.5,4.801,-0.003,1.000,0.953374,-0.002)
.x AsymL.C(2052,0.0,484.5,4.801,-0.003,1.000,0.953374,0.000)
.x AsymL.C(2052,0.0,484.5,4.801,-0.003,1.000,0.953374,0.001)
.x AsymL.C(2052,0.0,484.5,4.801,-0.003,1.000,0.953374,0.002)
.x AsymL.C(2052,0.0,484.5,4.801,-0.003,1.000,0.953374,-0.001)
.x AsymL.C(2052,0.0,484.5,4.801,-0.003,1.000,0.953374,-0.002)
.x AsymL.C(2052,1.0,484.5,4.801,-0.003,1.000,0.953374,0.000)
.x AsymL.C(2052,1.0,484.5,4.801,-0.003,1.000,0.953374,0.001)
.x AsymL.C(2052,1.0,484.5,4.801,-0.003,1.000,0.953374,0.002)
.x AsymL.C(2052,1.0,484.5,4.801,-0.003,1.000,0.953374,-0.001)
.x AsymL.C(2052,1.0,484.5,4.801,-0.003,1.000,0.953374,-0.002)
.x AsymL.C(2052,2.0,484.5,4.801,-0.003,1.000,0.953374,0.000)
.x AsymL.C(2052,2.0,484.5,4.801,-0.003,1.000,0.953374,0.001)
.x AsymL.C(2052,2.0,484.5,4.801,-0.003,1.000,0.953374,0.002)
.x AsymL.C(2052,2.0,484.5,4.801,-0.003,1.000,0.953374,-0.001)
.x AsymL.C(2052,2.0,484.5,4.801,-0.003,1.000,0.953374,-0.002)
.x AsymL.C(2052,-1.0,484.5,4.801,-0.003,1.000,0.953374,0.000)
.x AsymL.C(2052,-1.0,484.5,4.801,-0.003,1.000,0.953374,0.001)
.x AsymL.C(2052,-1.0,484.5,4.801,-0.003,1.000,0.953374,0.002)
.x AsymL.C(2052,-1.0,484.5,4.801,-0.003,1.000,0.953374,-0.001)
.x AsymL.C(2052,-1.0,484.5,4.801,-0.003,1.000,0.953374,-0.002)
.x AsymL.C(2052,-2.0,484.5,4.801,-0.003,1.000,0.953374,0.000)
.x AsymL.C(2052,-2.0,484.5,4.801,-0.003,1.000,0.953374,0.001)
.x AsymL.C(2052,-2.0,484.5,4.801,-0.003,1.000,0.953374,0.002)
.x AsymL.C(2052,-2.0,484.5,4.801,-0.003,1.000,0.953374,-0.001)
.x AsymL.C(2052,0.0,484.5,4.801,-0.003,1.000,0.953374,0.000)
.x AsymL.C(2052,0.0,484.5,4.801,-0.003,1.000,0.953374,0.001)
.x AsymL.C(2052,0.0,484.5,4.801,-0.003,1.000,0.953374,0.002)
.x AsymL.C(2052,0.0,484.5,4.801,-0.003,1.000,0.953374,0.000)
.x AsymL.C(2052,0.0,484.5,4.801,-0.003,1.000,0.953374,0.001)
.x AsymL.C(2052,0.0,484.5,4.801,-0.003,1.000,0.953374,0.002)
.x AsymL.C(2052,0.0,484.5,4.801,-0.003,1.000,0.953374,-0.001)
.x AsymL.C(2052,0.0,484.5,4.801,-0.003,1.000,0.953374,-0.002)
.x AsymL.C(2052,1.0,484.5,4.801,-0.003,1.000,0.953374,0.000)
.x AsymL.C(2052,1.0,484.5,4.801,-0.003,1.000,0.953374,0.001)
.x AsymL.C(2052,1.0,484.5,4.801,-0.003,1.000,0.953374,0.002)
.x AsymL.C(2052,1.0,484.5,4.801,-0.003,1.000,0.953374,-0.001)
.x AsymL.C(2052,1.0,484.5,4.801,-0.003,1.000,0.953374,-0.002)
.x AsymL.C(2052,2.0,484.5,4.801,-0.003,1.000,0.953374,0.000)
.x AsymL.C(2052,2.0,484.5,4.801,-0.003,1.000,0.953374,0.001)
.x AsymL.C(2052,2.0,484.5,4.801,-0.003,1.000,0.953374,0.002)
.x AsymL.C(2052,2.0,484.5,4.801,-0.003,1.000,0.953374,-0.001)
.x AsymL.C(2052,2.0,484.5,4.801,-0.003,1.000,0.953374,-0.002)
.x AsymL.C(2052,-1.0,484.5,4.801,-0.003,1.000,0.953374,0.000)
.x AsymL.C(2052,-1.0,484.5,4.801,-0.003,1.000,0.953374,0.001)
.x AsymL.C(2052,-1.0,484.5,4.801,-0.003,1.000,0.953374,0.002)
.x AsymL.C(2052,-1.0,484.5,4.801,-0.003,1.000,0.953374,-0.001)
.x AsymL.C(2052,-1.0,484.5,4.801,-0.003,1.000,0.953374,-0.002)
.x AsymL.C(2052,-2.0,484.5,4.801,-0.003,1.000,0.953374,0.000)
.x AsymL.C(2052,-2.0,484.5,4.801,-0.003,1.000,0.953374,0.001)
.x AsymL.C(2052,-2.0,484.5,4.801,-0.003,1.000,0.953374,0.002)
.x AsymL.C(2052,-2.0,484.5,4.801,-0.003,1.000,0.953374,-0.001)
.x AsymL.C(2052,-2.0,484.5,4.801,-0.003,1.000,0.953374,-0.002)
.x AsymL.C(2052,0.0,484.5,4.801,-0.003,1.000,0.953374,0.000)
.x AsymL.C(2052,0.0,484.5,4.801,-0.003,1.000,0.953374,0.001)
.x AsymL.C(2052,0.0,484.5,4.801,-0.003,1.000,0.953374,0.002)
.x AsymL.C(2052,0.0,484.5,4.801,-0.003,1.000,0.953374,-0.001)
.x AsymL.C(2052,0.0,484.5,4.801,-0.003,1.000,0.953374,-0.002)
.x AsymL.C(2052,1.0,484.5,4.801,-0.003,1.000,0.953374,0.000)
.x AsymL.C(2052,1.0,484.5,4.801,-0.003,1.000,0.953374,0.001)
.x AsymL.C(2052,1.0,484.5,4.801,-0.003,1.000,0.953374,0.002)
.x AsymL.C(2052,1.0,484.5,4.801,-0.003,1.000,0.953374,-0.001)
.x AsymL.C(2052,1.0,484.5,4.801,-0.003,1.000,0.953374,-0.002)
.x AsymL.C(2052,2.0,484.5,4.801,-0.003,1.000,0.953374,0.000)
.x AsymL.C(2052,2.0,484.5,4.801,-0.003,1.000,0.953374,0.001)
.x AsymL.C(2052,2.0,484.5,4.801,-0.003,1.000,0.953374,0.002)
.x AsymL.C(2052,2.0,484.5,4.801,-0.003,1.000,0.953374,-0.001)
.x AsymL.C(2052,2.0,484.5,4.801,-0.003,1.000,0.953374,-0.002)
.x AsymL.C(2052,-1.0,484.5,4.801,-0.003,1.000,0.953374,0.000)
.x AsymL.C(2052,-1.0,484.5,4.801,-0.003,1.000,0.953374,0.001)
.x AsymL.C(2052,-1.0,484.5,4.801,-0.003,1.000,0.953374,0.002)
.x AsymL.C(2052,-1.0,484.5,4.801,-0.003,1.000,0.953374,-0.001)
.x AsymL.C(2052,-1.0,484.5,4.801,-0.003,1.000,0.953374,-0.002)
.x AsymL.C(2052,-2.0,484.5,4.801,-0.003,1.000,0.953374,0.000)
.x AsymL.C(2052,-2.0,484.5,4.801,-0.003,1.000,0.953374,0.001)
.x AsymL.C(2052,-2.0,484.5,4.801,-0.003,1.000,0.953374,0.002)
.x AsymL.C(2052,-2.0,484.5,4.801,-0.003,1.000,0.953374,-0.001)
.x AsymL.C(2052,-2.0,484.5,4.801,-0.003,1.000,0.953374,-0.002)
.x kAsymL.C
.q
.x AsymL.C(2052,-1.0,484.5,4.801,0.9514,0.0022,0.953374,0.000)
.x AsymL.C(2052,-1.0,484.5,4.801,0.9514,0.0022,0.953374,0.001)
.x AsymL.C(2052,-1.0,484.5,4.801,0.9514,0.0022,0.953374,0.002)
.x AsymL.C(2052,-1.0,484.5,4.801,0.9514,0.0022,0.953374,-0.001)
.x AsymL.C(2052,-1.0,484.5,4.801,0.9514,0.0022,0.953374,-0.002)
.x AsymL.C(2052,-2.0,484.5,4.801,0.9514,0.0022,0.953374,0.000)
.x AsymL.C(2052,-2.0,484.5,4.801,0.9514,0.0022,0.953374,0.001)
.x AsymL.C(2052,-2.0,484.5,4.801,0.9514,0.0022,0.953374,0.002)
.x AsymL.C(2052,-2.0,484.5,4.801,0.9514,0.0022,0.953374,-0.001)
.x AsymL.C(2052,-2.0,484.5,4.801,0.9514,0.0022,0.953374,-0.002)
.x AsymL.C(2052,0.0,484.5,4.801,0.9514,0.0022,0.953374,0.000)
.x AsymL.C(2052,0.0,484.5,4.801,0.9514,0.0022,0.953374,0.001)
.x AsymL.C(2052,0.0,484.5,4.801,0.9514,0.0022,0.953374,0.002)
.x AsymL.C(2052,0.0,484.5,4.801,0.9514,0.0022,0.953374,-0.001)
.x AsymL.C(2052,0.0,484.5,4.801,0.9514,0.0022,0.953374,-0.002)
.x AsymL.C(2052,1.0,484.5,4.801,0.9514,0.0022,0.953374,0.000)
.x AsymL.C(2052,1.0,484.5,4.801,0.9514,0.0022,0.953374,0.001)
.x AsymL.C(2052,1.0,484.5,4.801,0.9514,0.0022,0.953374,0.002)
.x AsymL.C(2052,1.0,484.5,4.801,0.9514,0.0022,0.953374,-0.001)
.x AsymL.C(2052,1.0,484.5,4.801,0.9514,0.0022,0.953374,-0.002)
.x AsymL.C(2052,2.0,484.5,4.801,0.9514,0.0022,0.953374,0.000)
.x AsymL.C(2052,2.0,484.5,4.801,0.9514,0.0022,0.953374,0.001)
.x AsymL.C(2052,2.0,484.5,4.801,0.9514,0.0022,0.953374,0.002)
.x AsymL.C(2052,2.0,484.5,4.801,0.9514,0.0022,0.953374,-0.001)
.x AsymL.C(2052,2.0,484.5,4.801,0.9514,0.0022,0.953374,-0.002)
.x AsymL.C(2052,-1.0,484.5,4.801,0.9514,0.0022,0.953374,0.000)
.x AsymL.C(2052,-1.0,484.5,4.801,0.9514,0.0022,0.953374,0.001)
.x AsymL.C(2052,-1.0,484.5,4.801,0.9514,0.0022,0.953374,0.002)
.x AsymL.C(2052,-1.0,484.5,4.801,0.9514,0.0022,0.953374,-0.001)
.x AsymL.C(2052,-1.0,484.5,4.801,0.9514,0.0022,0.953374,-0.002)
.x AsymL.C(2052,-2.0,484.5,4.801,0.9514,0.0022,0.953374,0.000)
.x AsymL.C(2052,-2.0,484.5,4.801,0.9514,0.0022,0.953374,0.001)
.x AsymL.C(2052,-2.0,484.5,4.801,0.9514,0.0022,0.953374,0.002)
.x AsymL.C(2052,-2.0,484.5,4.801,0.9514,0.0022,0.953374,-0.001)
.x AsymL.C(2052,-2.0,484.5,4.801,0.9514,0.0022,0.953374,-0.002)
.x AsymL.C(2052,0.0,484.5,4.801,0.9514,0.0022,0.953374,0.000)
.x AsymL.C(2052,0.0,484.5,4.801,0.9514,0.0022,0.953374,0.001)
.x AsymL.C(2052,0.0,484.5,4.801,0.9514,0.0022,0.953374,0.002)
.x AsymL.C(2052,0.0,484.5,4.801,0.9514,0.0022,0.953374,-0.001)
.x AsymL.C(2052,0.0,484.5,4.801,0.9514,0.0022,0.953374,-0.002)
.x AsymL.C(2052,1.0,484.5,4.801,0.9514,0.0022,0.953374,0.000)
.x AsymL.C(2052,1.0,484.5,4.801,0.9514,0.0022,0.953374,0.001)
.x AsymL.C(2052,1.0,484.5,4.801,0.9514,0.0022,0.953374,0.002)
.x AsymL.C(2052,1.0,484.5,4.801,0.9514,0.0022,0.953374,-0.001)
.x AsymL.C(2052,1.0,484.5,4.801,0.9514,0.0022,0.953374,-0.002)
.x AsymL.C(2052,2.0,484.5,4.801,0.9514,0.0022,0.953374,0.000)
.x AsymL.C(2052,2.0,484.5,4.801,0.9514,0.0022,0.953374,0.001)
.x AsymL.C(2052,2.0,484.5,4.801,0.9514,0.0022,0.953374,0.002)
.x AsymL.C(2052,2.0,484.5,4.801,0.9514,0.0022,0.953374,-0.001)
.x AsymL.C(2052,2.0,484.5,4.801,0.9514,0.0022,0.953374,-0.002)
TFile *_file0 = TFile::Open("/w/work/halla/parity/disk1/ryanrich/sandwich/SandwichLHRS_PREX_0.0_1.root")
.ls
T->Print()
T->Draw("ev.nuclA")
.q
.x AsymL.C(2052,0.0,484.5,4.70,0.9514,0.0022,0.953374,0.000)
.x AsymL.C(2052,0.0,484.5,4.71,0.9514,0.0022,0.953374,0.000)
.x AsymL.C(2052,0.0,484.5,4.72,0.9514,0.0022,0.953374,0.000)
.x AsymL.C(2052,0.0,484.5,4.73,0.9514,0.0022,0.953374,0.000)
.x AsymL.C(2052,0.0,484.5,4.74,0.9514,0.0022,0.953374,0.000)
.x AsymL.C(2052,0.0,484.5,4.75,0.9514,0.0022,0.953374,0.000)
.x AsymL.C(2052,0.0,484.5,4.76,0.9514,0.0022,0.953374,0.000)
.x AsymL.C(2052,0.0,484.5,4.77,0.9514,0.0022,0.953374,0.000)
.x AsymL.C(2052,0.0,484.5,4.78,0.9514,0.0022,0.953374,0.000)
.x AsymL.C(2052,0.0,484.5,4.79,0.9514,0.0022,0.953374,0.000)
.x AsymL.C(2052,0.0,484.5,4.80,0.9514,0.0022,0.953374,0.000)
.x AsymL.C(2052,0.0,484.5,4.81,0.9514,0.0022,0.953374,0.000)
.x AsymL.C(2052,0.0,484.5,4.82,0.9514,0.0022,0.953374,0.000)
.x AsymL.C(2052,0.0,484.5,4.83,0.9514,0.0022,0.953374,0.000)
.x AsymL.C(2052,0.0,484.5,4.84,0.9514,0.0022,0.953374,0.000)
.x AsymL.C(2052,0.0,484.5,4.70,0.9514,0.0022,0.953374,0.000)
.x AsymL.C(2052,0.0,484.5,4.71,0.9514,0.0022,0.953374,0.000)
.x AsymL.C(2052,0.0,484.5,4.72,0.9514,0.0022,0.953374,0.000)
.x AsymL.C(2052,0.0,484.5,4.73,0.9514,0.0022,0.953374,0.000)
.x AsymL.C(2052,0.0,484.5,4.74,0.9514,0.0022,0.953374,0.000)
.x AsymL.C(2052,0.0,484.5,4.75,0.9514,0.0022,0.953374,0.000)
.x AsymL.C(2052,0.0,484.5,4.76,0.9514,0.0022,0.953374,0.000)
.x AsymL.C(2052,0.0,484.5,4.77,0.9514,0.0022,0.953374,0.000)
.x AsymL.C(2052,0.0,484.5,4.78,0.9514,0.0022,0.953374,0.000)
.x AsymL.C(2052,0.0,484.5,4.79,0.9514,0.0022,0.953374,0.000)
.x AsymL.C(2052,0.0,484.5,4.80,0.9514,0.0022,0.953374,0.000)
.x AsymL.C(2052,0.0,484.5,4.81,0.9514,0.0022,0.953374,0.000)
.x AsymL.C(2052,0.0,484.5,4.82,0.9514,0.0022,0.953374,0.000)
.x AsymL.C(2052,0.0,484.5,4.83,0.9514,0.0022,0.953374,0.000)
.x AsymL.C(2052,0.0,484.5,4.84,0.9514,0.0022,0.953374,0.000)
.x AsymL.C(2052,0.0,484.5,4.70,0.9514,0.0022,0.953374,0.000)
.x AsymL.C(2052,0.0,484.5,4.71,0.9514,0.0022,0.953374,0.000)
.x AsymL.C(2052,0.0,484.5,4.72,0.9514,0.0022,0.953374,0.000)
.x AsymL.C(2052,0.0,484.5,4.73,0.9514,0.0022,0.953374,0.000)
.x AsymL.C(2052,0.0,484.5,4.74,0.9514,0.0022,0.953374,0.000)
.x AsymL.C(2052,0.0,484.5,4.75,0.9514,0.0022,0.953374,0.000)
.x AsymL.C(2052,0.0,484.5,4.76,0.9514,0.0022,0.953374,0.000)
.x AsymL.C(2052,0.0,484.5,4.77,0.9514,0.0022,0.953374,0.000)
.x AsymL.C(2052,0.0,484.5,4.78,0.9514,0.0022,0.953374,0.000)
.x AsymL.C(2052,0.0,484.5,4.79,0.9514,0.0022,0.953374,0.000)
.x AsymL.C(2052,0.0,484.5,4.80,0.9514,0.0022,0.953374,0.000)
.x AsymL.C(2052,0.0,484.5,4.81,0.9514,0.0022,0.953374,0.000)
.x AsymL.C(2052,0.0,484.5,4.82,0.9514,0.0022,0.953374,0.000)
.x AsymL.C(2052,0.0,484.5,4.83,0.9514,0.0022,0.953374,0.000)
.x AsymL.C(2052,0.0,484.5,4.84,0.9514,0.0022,0.953374,0.000)
.x AsymL.C(2052,0.0,484.5,4.70,0.9514,0.0022,0.953374,0.000)
.x AsymL.C(2052,0.0,484.5,4.71,0.9514,0.0022,0.953374,0.000)
.x AsymL.C(2052,0.0,484.5,4.72,0.9514,0.0022,0.953374,0.000)
.x AsymL.C(2052,0.0,484.5,4.73,0.9514,0.0022,0.953374,0.000)
.x AsymL.C(2052,0.0,484.5,4.74,0.9514,0.0022,0.953374,0.000)
.x AsymL.C(2052,0.0,484.5,4.75,0.9514,0.0022,0.953374,0.000)
.x AsymL.C(2052,0.0,484.5,4.76,0.9514,0.0022,0.953374,0.000)
.x AsymL.C(2052,0.0,484.5,4.77,0.9514,0.0022,0.953374,0.000)
.x AsymL.C(2052,0.0,484.5,4.78,0.9514,0.0022,0.953374,0.000)
.x AsymL.C(2052,0.0,484.5,4.79,0.9514,0.0022,0.953374,0.000)
.x AsymL.C(2052,0.0,484.5,4.80,0.9514,0.0022,0.953374,0.000)
.x AsymL.C(2052,0.0,484.5,4.81,0.9514,0.0022,0.953374,0.000)
.x AsymL.C(2052,0.0,484.5,4.82,0.9514,0.0022,0.953374,0.000)
.x AsymL.C(2052,0.0,484.5,4.83,0.9514,0.0022,0.953374,0.000)
.x AsymL.C(2052,0.0,484.5,4.84,0.9514,0.0022,0.953374,0.000)
.x AsymL.C(2052,0.0,484.5,4.70,0.9514,0.0022,0.953374,0.000)
.x AsymL.C(2052,0.0,484.5,4.71,0.9514,0.0022,0.953374,0.000)
.x AsymL.C(2052,0.0,484.5,4.72,0.9514,0.0022,0.953374,0.000)
.x AsymL.C(2052,0.0,484.5,4.73,0.9514,0.0022,0.953374,0.000)
.x AsymL.C(2052,0.0,484.5,4.74,0.9514,0.0022,0.953374,0.000)
.x AsymL.C(2052,0.0,484.5,4.75,0.9514,0.0022,0.953374,0.000)
.x AsymL.C(2052,0.0,484.5,4.76,0.9514,0.0022,0.953374,0.000)
.x AsymL.C(2052,0.0,484.5,4.77,0.9514,0.0022,0.953374,0.000)
.x AsymL.C(2052,0.0,484.5,4.78,0.9514,0.0022,0.953374,0.000)
.x AsymL.C(2052,0.0,484.5,4.79,0.9514,0.0022,0.953374,0.000)
.x AsymL.C(2052,0.0,484.5,4.80,0.9514,0.0022,0.953374,0.000)
.x AsymL.C(2052,0.0,484.5,4.81,0.9514,0.0022,0.953374,0.000)
.x AsymL.C(2052,0.0,484.5,4.82,0.9514,0.0022,0.953374,0.000)
.x AsymL.C(2052,0.0,484.5,4.83,0.9514,0.0022,0.953374,0.000)
.x AsymL.C(2052,0.0,484.5,4.84,0.9514,0.0022,0.953374,0.000)
.x AsymL.C(2052,0.0,484.5,4.70,0.9514,0.0022,0.953374,0.000)
.x AsymL.C(2052,0.0,484.5,4.71,0.9514,0.0022,0.953374,0.000)
.x AsymL.C(2052,0.0,484.5,4.72,0.9514,0.0022,0.953374,0.000)
.x AsymL.C(2052,0.0,484.5,4.73,0.9514,0.0022,0.953374,0.000)
.x AsymL.C(2052,0.0,484.5,4.74,0.9514,0.0022,0.953374,0.000)
.x AsymL.C(2052,0.0,484.5,4.75,0.9514,0.0022,0.953374,0.000)
.x AsymL.C(2052,0.0,484.5,4.76,0.9514,0.0022,0.953374,0.000)
.x AsymL.C(2052,0.0,484.5,4.77,0.9514,0.0022,0.953374,0.000)
.x AsymL.C(2052,0.0,484.5,4.78,0.9514,0.0022,0.953374,0.000)
.x AsymL.C(2052,0.0,484.5,4.79,0.9514,0.0022,0.953374,0.000)
.x AsymL.C(2052,0.0,484.5,4.80,0.9514,0.0022,0.953374,0.000)
.x AsymL.C(2052,0.0,484.5,4.81,0.9514,0.0022,0.953374,0.000)
.x AsymL.C(2052,0.0,484.5,4.70,0.9514,0.0022,0.953374,0.000)
.x AsymL.C(2052,0.0,484.5,4.71,0.9514,0.0022,0.953374,0.000)
.x AsymL.C(2052,-1.0,484.5,4.70,0.9514,0.0022,0.953374,0.000)
.x AsymL.C(2052,0.0,484.5,4.72,0.9514,0.0022,0.953374,0.000)
.x AsymL.C(2052,-1.0,484.5,4.70,0.9514,0.0022,0.953374,0.001)
.x AsymL.C(2052,0.0,484.5,4.73,0.9514,0.0022,0.953374,0.000)
.x AsymL.C(2052,-1.0,484.5,4.70,0.9514,0.0022,0.953374,0.002)
.x AsymL.C(2052,0.0,484.5,4.74,0.9514,0.0022,0.953374,0.000)
.x AsymL.C(2052,-1.0,484.5,4.70,0.9514,0.0022,0.953374,-0.001)
.x AsymL.C(2052,0.0,484.5,4.75,0.9514,0.0022,0.953374,0.000)
.x AsymL.C(2052,-1.0,484.5,4.70,0.9514,0.0022,0.953374,-0.002)
.x AsymL.C(2052,-2.0,484.5,4.70,0.9514,0.0022,0.953374,0.000)
.x AsymL.C(2052,-2.0,484.5,4.70,0.9514,0.0022,0.953374,0.001)
.x AsymL.C(2052,-2.0,484.5,4.70,0.9514,0.0022,0.953374,0.002)
.x AsymL.C(2052,-2.0,484.5,4.70,0.9514,0.0022,0.953374,-0.001)
.x AsymL.C(2052,-2.0,484.5,4.70,0.9514,0.0022,0.953374,-0.002)
.x AsymL.C(2052,0.0,484.5,4.70,0.9514,0.0022,0.953374,0.000)
.x AsymL.C(2052,0.0,484.5,4.70,0.9514,0.0022,0.953374,0.001)
.x AsymL.C(2052,0.0,484.5,4.70,0.9514,0.0022,0.953374,0.002)
.x AsymL.C(2052,0.0,484.5,4.70,0.9514,0.0022,0.953374,-0.001)
.x AsymL.C(2052,0.0,484.5,4.70,0.9514,0.0022,0.953374,-0.002)
.x AsymL.C(2052,1.0,484.5,4.70,0.9514,0.0022,0.953374,0.000)
.x AsymL.C(2052,1.0,484.5,4.70,0.9514,0.0022,0.953374,0.001)
.x AsymL.C(2052,1.0,484.5,4.70,0.9514,0.0022,0.953374,0.002)
.x AsymL.C(2052,1.0,484.5,4.70,0.9514,0.0022,0.953374,-0.001)
.x AsymL.C(2052,1.0,484.5,4.70,0.9514,0.0022,0.953374,-0.002)
.x AsymL.C(2052,2.0,484.5,4.70,0.9514,0.0022,0.953374,0.000)
.x AsymL.C(2052,2.0,484.5,4.70,0.9514,0.0022,0.953374,0.001)
.x AsymL.C(2052,2.0,484.5,4.70,0.9514,0.0022,0.953374,0.002)
.x AsymL.C(2052,2.0,484.5,4.70,0.9514,0.0022,0.953374,-0.001)
.x AsymL.C(2052,2.0,484.5,4.70,0.9514,0.0022,0.953374,-0.002)
.x AsymL.C(2052,-1.0,484.5,4.70,0.9514,0.0022,0.953374,0.000)
.x AsymL.C(2052,-1.0,484.5,4.70,0.9514,0.0022,0.953374,0.001)
.x AsymL.C(2052,-1.0,484.5,4.70,0.9514,0.0022,0.953374,0.002)
.x AsymL.C(2052,-1.0,484.5,4.70,0.9514,0.0022,0.953374,-0.001)
.x AsymL.C(2052,-1.0,484.5,4.70,0.9514,0.0022,0.953374,-0.002)
.x AsymL.C(2052,-2.0,484.5,4.70,0.9514,0.0022,0.953374,0.000)
.x AsymL.C(2052,-2.0,484.5,4.70,0.9514,0.0022,0.953374,0.001)
.x AsymL.C(2052,-2.0,484.5,4.70,0.9514,0.0022,0.953374,0.002)
.x AsymL.C(2052,-2.0,484.5,4.70,0.9514,0.0022,0.953374,-0.001)
.x AsymL.C(2052,-2.0,484.5,4.70,0.9514,0.0022,0.953374,-0.002)
.x AsymL.C(2052,0.0,484.5,4.70,0.9514,0.0022,0.953374,0.000)
.x AsymL.C(2052,0.0,484.5,4.70,0.9514,0.0022,0.953374,0.001)
.x AsymL.C(2052,0.0,484.5,4.70,0.9514,0.0022,0.953374,0.002)
.x AsymL.C(2052,0.0,484.5,4.70,0.9514,0.0022,0.953374,-0.001)
.x AsymL.C(2052,0.0,484.5,4.70,0.9514,0.0022,0.953374,-0.002)
.x AsymL.C(2052,1.0,484.5,4.70,0.9514,0.0022,0.953374,0.000)
.x AsymL.C(2052,1.0,484.5,4.70,0.9514,0.0022,0.953374,0.001)
.x AsymL.C(2052,1.0,484.5,4.70,0.9514,0.0022,0.953374,0.002)
.x AsymL.C(2052,1.0,484.5,4.70,0.9514,0.0022,0.953374,-0.001)
.x AsymL.C(2052,1.0,484.5,4.70,0.9514,0.0022,0.953374,-0.002)
.x AsymL.C(2052,2.0,484.5,4.70,0.9514,0.0022,0.953374,0.000)
.x AsymL.C(2052,2.0,484.5,4.70,0.9514,0.0022,0.953374,0.001)
.x AsymL.C(2052,2.0,484.5,4.70,0.9514,0.0022,0.953374,0.002)
.x AsymL.C(2052,2.0,484.5,4.70,0.9514,0.0022,0.953374,-0.001)
.x AsymL.C(2052,2.0,484.5,4.70,0.9514,0.0022,0.953374,-0.002)
.x AsymL.C(2052,-1.0,484.5,4.806,0.9514,0.0022,0.953374,0.000)
.x AsymL.C(2052,-1.0,484.5,4.806,0.9514,0.0022,0.953374,0.001)
.x AsymL.C(2052,-1.0,484.5,4.806,0.9514,0.0022,0.953374,0.002)
.x AsymL.C(2052,-1.0,484.5,4.806,0.9514,0.0022,0.953374,-0.001)
.x AsymL.C(2052,-1.0,484.5,4.806,0.9514,0.0022,0.953374,-0.002)
.x AsymL.C(2052,-2.0,484.5,4.806,0.9514,0.0022,0.953374,0.000)
.x AsymL.C(2052,-2.0,484.5,4.806,0.9514,0.0022,0.953374,0.001)
.x AsymL.C(2052,-2.0,484.5,4.806,0.9514,0.0022,0.953374,0.002)
.x AsymL.C(2052,-2.0,484.5,4.806,0.9514,0.0022,0.953374,-0.001)
.x AsymL.C(2052,-1.0,484.5,4.806,0.9514,0.0022,0.953374,0.000)
.x AsymL.C(2052,-1.0,484.5,4.806,0.9514,0.0022,0.953374,0.001)
.x AsymL.C(2052,-1.0,484.5,4.806,0.9514,0.0022,0.953374,0.002)
.x AsymL.C(2052,-1.0,484.5,4.806,0.9514,0.0022,0.953374,-0.001)
.x AsymL.C(2052,-1.0,484.5,4.806,0.9514,0.0022,0.953374,-0.002)
.x AsymL.C(2052,-2.0,484.5,4.806,0.9514,0.0022,0.953374,0.000)
.x AsymL.C(2052,-2.0,484.5,4.806,0.9514,0.0022,0.953374,0.001)
.x AsymL.C(2052,-2.0,484.5,4.806,0.9514,0.0022,0.953374,0.002)
.x AsymL.C(2052,-2.0,484.5,4.806,0.9514,0.0022,0.953374,-0.001)
.x AsymL.C(2052,-2.0,484.5,4.806,0.9514,0.0022,0.953374,-0.002)
.x AsymL.C(2052,0.0,484.5,4.806,0.9514,0.0022,0.953374,0.000)
.x AsymL.C(2052,0.0,484.5,4.806,0.9514,0.0022,0.953374,0.001)
.x AsymL.C(2052,0.0,484.5,4.806,0.9514,0.0022,0.953374,0.002)
.x AsymL.C(2052,0.0,484.5,4.806,0.9514,0.0022,0.953374,-0.001)
.x AsymL.C(2052,0.0,484.5,4.806,0.9514,0.0022,0.953374,-0.002)
.x AsymL.C(2052,1.0,484.5,4.806,0.9514,0.0022,0.953374,0.000)
.x AsymL.C(2052,1.0,484.5,4.806,0.9514,0.0022,0.953374,0.001)
.x AsymL.C(2052,1.0,484.5,4.806,0.9514,0.0022,0.953374,0.002)
.x AsymL.C(2052,1.0,484.5,4.806,0.9514,0.0022,0.953374,-0.001)
.x AsymL.C(2052,1.0,484.5,4.806,0.9514,0.0022,0.953374,-0.002)
.x AsymL.C(2052,2.0,484.5,4.806,0.9514,0.0022,0.953374,0.000)
.x AsymL.C(2052,2.0,484.5,4.806,0.9514,0.0022,0.953374,0.001)
.x AsymL.C(2052,2.0,484.5,4.806,0.9514,0.0022,0.953374,0.002)
.x AsymL.C(2052,2.0,484.5,4.806,0.9514,0.0022,0.953374,-0.001)
.x AsymL.C(2052,2.0,484.5,4.806,0.9514,0.0022,0.953374,-0.002)
