21185	-1.0	0.000	502.5	4.764	-0.003	1.000	Jul.31	Pb10	0.953374
21185	-1.0	0.001	502.5	4.764	-0.003	1.000	Jul.31	Pb10	0.953374
21185	-1.0	0.002	502.5	4.764	-0.003	1.000	Jul.31	Pb10	0.953374
21185	-1.0	-0.001	502.5	4.764	-0.003	1.000	Jul.31	Pb10	0.953374
21185	-1.0	-0.002	502.5	4.764	-0.003	1.000	Jul.31	Pb10	0.953374
21185	-2.0	0.000	502.5	4.764	-0.003	1.000	Jul.31	Pb10	0.953374
21185	-2.0	0.001	502.5	4.764	-0.003	1.000	Jul.31	Pb10	0.953374
21185	-2.0	0.002	502.5	4.764	-0.003	1.000	Jul.31	Pb10	0.953374
21185	-2.0	-0.001	502.5	4.764	-0.003	1.000	Jul.31	Pb10	0.953374
21185	-2.0	-0.002	502.5	4.764	-0.003	1.000	Jul.31	Pb10	0.953374
21185	0.0	0.000	502.5	4.764	-0.003	1.000	Jul.31	Pb10	0.953374
21185	0.0	0.001	502.5	4.764	-0.003	1.000	Jul.31	Pb10	0.953374
21185	0.0	0.002	502.5	4.764	-0.003	1.000	Jul.31	Pb10	0.953374
21185	0.0	-0.001	502.5	4.764	-0.003	1.000	Jul.31	Pb10	0.953374
21185	0.0	-0.002	502.5	4.764	-0.003	1.000	Jul.31	Pb10	0.953374
21185	1.0	0.000	502.5	4.764	-0.003	1.000	Jul.31	Pb10	0.953374
21185	1.0	0.001	502.5	4.764	-0.003	1.000	Jul.31	Pb10	0.953374
21185	1.0	0.002	502.5	4.764	-0.003	1.000	Jul.31	Pb10	0.953374
21185	1.0	-0.001	502.5	4.764	-0.003	1.000	Jul.31	Pb10	0.953374
21185	1.0	-0.002	502.5	4.764	-0.003	1.000	Jul.31	Pb10	0.953374
21185	2.0	0.000	502.5	4.764	-0.003	1.000	Jul.31	Pb10	0.953374
21185	2.0	0.001	502.5	4.764	-0.003	1.000	Jul.31	Pb10	0.953374
21185	2.0	0.002	502.5	4.764	-0.003	1.000	Jul.31	Pb10	0.953374
21185	2.0	-0.001	502.5	4.764	-0.003	1.000	Jul.31	Pb10	0.953374
21185	2.0	-0.002	502.5	4.764	-0.003	1.000	Jul.31	Pb10	0.953374
