2052	-1.0	0.000	484.5	4.801	-0.003	1.000	Jul.31	Pb10	0.953374
2052	-1.0	0.001	484.5	4.801	-0.003	1.000	Jul.31	Pb10	0.953374
2052	-1.0	0.002	484.5	4.801	-0.003	1.000	Jul.31	Pb10	0.953374
2052	-1.0	-0.001	484.5	4.801	-0.003	1.000	Jul.31	Pb10	0.953374
2052	-1.0	-0.002	484.5	4.801	-0.003	1.000	Jul.31	Pb10	0.953374
2052	-2.0	0.000	484.5	4.801	-0.003	1.000	Jul.31	Pb10	0.953374
2052	-2.0	0.001	484.5	4.801	-0.003	1.000	Jul.31	Pb10	0.953374
2052	-2.0	0.002	484.5	4.801	-0.003	1.000	Jul.31	Pb10	0.953374
2052	-2.0	-0.001	484.5	4.801	-0.003	1.000	Jul.31	Pb10	0.953374
2052	-2.0	-0.002	484.5	4.801	-0.003	1.000	Jul.31	Pb10	0.953374
2052	0.0	0.000	484.5	4.801	-0.003	1.000	Jul.31	Pb10	0.953374
2052	0.0	0.001	484.5	4.801	-0.003	1.000	Jul.31	Pb10	0.953374
2052	0.0	0.002	484.5	4.801	-0.003	1.000	Jul.31	Pb10	0.953374
2052	0.0	-0.001	484.5	4.801	-0.003	1.000	Jul.31	Pb10	0.953374
2052	0.0	-0.002	484.5	4.801	-0.003	1.000	Jul.31	Pb10	0.953374
2052	1.0	0.000	484.5	4.801	-0.003	1.000	Jul.31	Pb10	0.953374
2052	1.0	0.001	484.5	4.801	-0.003	1.000	Jul.31	Pb10	0.953374
2052	1.0	0.002	484.5	4.801	-0.003	1.000	Jul.31	Pb10	0.953374
2052	1.0	-0.001	484.5	4.801	-0.003	1.000	Jul.31	Pb10	0.953374
2052	1.0	-0.002	484.5	4.801	-0.003	1.000	Jul.31	Pb10	0.953374
2052	2.0	0.000	484.5	4.801	-0.003	1.000	Jul.31	Pb10	0.953374
2052	2.0	0.001	484.5	4.801	-0.003	1.000	Jul.31	Pb10	0.953374
2052	2.0	0.002	484.5	4.801	-0.003	1.000	Jul.31	Pb10	0.953374
2052	2.0	-0.001	484.5	4.801	-0.003	1.000	Jul.31	Pb10	0.953374
2052	2.0	-0.002	484.5	4.801	-0.003	1.000	Jul.31	Pb10	0.953374
