2052	0.0	0.000	484.5	4.70	-0.003	1.000	Jul.31	Pb10	0.953374
2052	0.0	0.000	484.5	4.71	-0.003	1.000	Jul.31	Pb10	0.953374
2052	0.0	0.000	484.5	4.72	-0.003	1.000	Jul.31	Pb10	0.953374
2052	0.0	0.000	484.5	4.73	-0.003	1.000	Jul.31	Pb10	0.953374
2052	0.0	0.000	484.5	4.74	-0.003	1.000	Jul.31	Pb10	0.953374
2052	0.0	0.000	484.5	4.75	-0.003	1.000	Jul.31	Pb10	0.953374
2052	0.0	0.000	484.5	4.76	-0.003	1.000	Jul.31	Pb10	0.953374
2052	0.0	0.000	484.5	4.77	-0.003	1.000	Jul.31	Pb10	0.953374
2052	0.0	0.000	484.5	4.78	-0.003	1.000	Jul.31	Pb10	0.953374
2052	0.0	0.000	484.5	4.79	-0.003	1.000	Jul.31	Pb10	0.953374
2052	0.0	0.000	484.5	4.80	-0.003	1.000	Jul.31	Pb10	0.953374
2052	0.0	0.000	484.5	4.81	-0.003	1.000	Jul.31	Pb10	0.953374
2052	0.0	0.000	484.5	4.82	-0.003	1.000	Jul.31	Pb10	0.953374
2052	0.0	0.000	484.5	4.83	-0.003	1.000	Jul.31	Pb10	0.953374
2052	0.0	0.000	484.5	4.84	-0.003	1.000	Jul.31	Pb10	0.953374
